ANO     UF      Codmun6 Codmun7 MunicípiIDHM
    2010      35  350010 3500105ADAMANTI    0,79
    2010      35  350020 3500204ADOLFO      0,73
    2010      35  350030 3500303AGUAÍ      0,715
    2010      35  350040 3500402ÁGUAS DA   0,781
    2010      35  350050 3500501ÁGUAS DE   0,745
    2010      35  350055 3500550ÁGUAS DE   0,757
    2010      35  350060 3500600ÁGUAS DE   0,854
    2010      35  350070 3500709AGUDOS     0,745
    2010      35  350075 3500758ALAMBARI   0,712
    2010      35  350080 3500808ALFREDO    0,741
    2010      35  350090 3500907ALTAIR     0,687
    2010      35  350100 3501004ALTINÓPO    0,73
    2010      35  350110 3501103ALTO ALE     0,7
    2010      35  350115 3501152ALUMÍNIO   0,766
    2010      35  350120 3501202ÁLVARES    0,728
    2010      35  350130 3501301ÁLVARES    0,758
    2010      35  350140 3501400ÁLVARO D   0,688
    2010      35  350150 3501509ALVINLÂN   0,722
    2010      35  350160 3501608AMERICAN   0,811
    2010      35  350170 3501707AMÉRICO    0,751
    2010      35  350180 3501806AMÉRICO    0,745
    2010      35  350190 3501905AMPARO     0,785
    2010      35  350200 3502002ANALÂNDI   0,754
    2010      35  350210 3502101ANDRADIN   0,779
    2010      35  350220 3502200ANGATUBA   0,719
    2010      35  350230 3502309ANHEMBI    0,721
    2010      35  350240 3502408ANHUMAS    0,741
    2010      35  350250 3502507APARECID   0,755
    2010      35  350260 3502606APARECID   0,721
    2010      35  350270 3502705APIAÍ       0,71
    2010      35  350275 3502754ARAÇARIG   0,704
    2010      35  350280 3502804ARAÇATUB   0,788
    2010      35  350290 3502903ARAÇOIAB   0,776
    2010      35  350300 3503000ARAMINA     0,74
    2010      35  350310 3503109ARANDU     0,685
    2010      35  350315 3503158ARAPEÍ      0,68
    2010      35  350320 3503208ARARAQUA   0,815
    2010      35  350330 3503307ARARAS     0,781
    2010      35  350335 3503356ARCO-ÍRI   0,722
    2010      35  350340 3503406AREALVA    0,744
    2010      35  350350 3503505AREIAS     0,697
    2010      35  350360 3503604AREIÓPOL   0,695
    2010      35  350370 3503703ARIRANHA   0,733
    2010      35  350380 3503802ARTUR NO   0,749
    2010      35  350390 3503901ARUJÁ      0,784
    2010      35  350395 3503950ASPÁSIA    0,735
    2010      35  350400 3504008ASSIS      0,805
    2010      35  350410 3504107ATIBAIA    0,765
    2010      35  350420 3504206AURIFLAM   0,773
    2010      35  350430 3504305AVAÍ       0,714
    2010      35  350440 3504404AVANHAND   0,705
    2010      35  350450 3504503AVARÉ      0,767
    2010      35  350460 3504602BADY BAS   0,746
    2010      35  350470 3504701BALBINOS   0,669
    2010      35  350480 3504800BÁLSAMO    0,756
    2010      35  350490 3504909BANANAL    0,733
    2010      35  350500 3505005BARÃO DE   0,711
    2010      35  350510 3505104BARBOSA    0,699
    2010      35  350520 3505203BARIRI      0,75
    2010      35  350530 3505302BARRA BO   0,788
    2010      35  350535 3505351BARRA DO    0,66
    2010      35  350540 3505401BARRA DO   0,641
    2010      35  350550 3505500BARRETOS   0,789
    2010      35  350560 3505609BARRINHA   0,725
    2010      35  350570 3505708BARUERI    0,786
    2010      35  350580 3505807BASTOS     0,751
    2010      35  350590 3505906BATATAIS   0,761
    2010      35  350600 3506003BAURU      0,801
    2010      35  350610 3506102BEBEDOUR    0,78
    2010      35  350620 3506201BENTO DE   0,744
    2010      35  350630 3506300BERNARDI   0,734
    2010      35  350635 3506359BERTIOGA    0,73
    2010      35  350640 3506409BILAC      0,768
    2010      35  350650 3506508BIRIGUI     0,78
    2010      35  350660 3506607BIRITIBA   0,712
    2010      35  350670 3506706BOA ESPE   0,681
    2010      35  350680 3506805BOCAINA    0,742
    2010      35  350690 3506904BOFETE     0,705
    2010      35  350700 3507001BOITUVA     0,78
    2010      35  350710 3507100BOM JESU   0,713
    2010      35  350715 3507159BOM SUCE    0,66
    2010      35  350720 3507209BORÁ       0,746
    2010      35  350730 3507308BORACÉIA   0,754
    2010      35  350740 3507407BORBOREM    0,73
    2010      35  350745 3507456BOREBI     0,705
    2010      35  350750 3507506BOTUCATU     0,8
    2010      35  350760 3507605BRAGANÇA   0,776
    2010      35  350770 3507704BRAÚNA     0,737
    2010      35  350775 3507753BREJO AL    0,71
    2010      35  350780 3507803BRODOWSK   0,755
    2010      35  350790 3507902BROTAS      0,74
    2010      35  350800 3508009BURI       0,667
    2010      35  350810 3508108BURITAMA   0,763
    2010      35  350820 3508207BURITIZA   0,735
    2010      35  350830 3508306CABRÁLIA   0,694
    2010      35  350840 3508405CABREÚVA   0,738
    2010      35  350850 3508504CAÇAPAVA   0,788
    2010      35  350860 3508603CACHOEIR   0,764
    2010      35  350870 3508702CACONDE     0,72
    2010      35  350880 3508801CAFELÂND   0,742
    2010      35  350890 3508900CAIABU     0,729
    2010      35  350900 3509007CAIEIRAS   0,781
    2010      35  350910 3509106CAIUÁ      0,697
    2010      35  350920 3509205CAJAMAR    0,728
    2010      35  350925 3509254CAJATI     0,694
    2010      35  350930 3509304CAJOBI     0,734
    2010      35  350940 3509403CAJURU     0,713
    2010      35  350945 3509452CAMPINA    0,717
    2010      35  350950 3509502CAMPINAS   0,805
    2010      35  350960 3509601CAMPO LI   0,769
    2010      35  350970 3509700CAMPOS D   0,749
    2010      35  350980 3509809CAMPOS N   0,706
    2010      35  350990 3509908CANANÉIA    0,72
    2010      35  350995 3509957CANAS      0,704
    2010      35  351000 3510005CÂNDIDO    0,747
    2010      35  351010 3510104CÂNDIDO    0,789
    2010      35  351015 3510153CANITAR     0,68
    2010      35  351020 3510203CAPÃO BO   0,721
    2010      35  351030 3510302CAPELA D   0,699
    2010      35  351040 3510401CAPIVARI    0,75
    2010      35  351050 3510500CARAGUAT   0,759
    2010      35  351060 3510609CARAPICU   0,749
    2010      35  351070 3510708CARDOSO    0,722
    2010      35  351080 3510807CASA BRA    0,73
    2010      35  351090 3510906CÁSSIA D   0,734
    2010      35  351100 3511003CASTILHO   0,731
    2010      35  351110 3511102CATANDUV   0,785
    2010      35  351120 3511201CATIGUÁ    0,751
    2010      35  351130 3511300CEDRAL     0,766
    2010      35  351140 3511409CERQUEIR   0,729
    2010      35  351150 3511508CERQUILH   0,782
    2010      35  351160 3511607CESÁRIO    0,706
    2010      35  351170 3511706CHARQUEA   0,736
    2010      35  351190 3511904CLEMENTI   0,725
    2010      35  351200 3512001COLINA     0,757
    2010      35  351210 3512100COLÔMBIA    0,71
    2010      35  351220 3512209CONCHAL    0,708
    2010      35  351230 3512308CONCHAS    0,736
    2010      35  351240 3512407CORDEIRÓ   0,758
    2010      35  351250 3512506COROADOS   0,719
    2010      35  351260 3512605CORONEL     0,69
    2010      35  351270 3512704CORUMBAT   0,754
    2010      35  351280 3512803COSMÓPOL   0,769
    2010      35  351290 3512902COSMORAM   0,722
    2010      35  351300 3513009COTIA       0,78
    2010      35  351310 3513108CRAVINHO   0,756
    2010      35  351320 3513207CRISTAIS   0,734
    2010      35  351330 3513306CRUZÁLIA   0,774
    2010      35  351340 3513405CRUZEIRO   0,788
    2010      35  351350 3513504CUBATÃO    0,737
    2010      35  351360 3513603CUNHA      0,684
    2010      35  351370 3513702DESCALVA    0,76
    2010      35  351380 3513801DIADEMA    0,757
    2010      35  351385 3513850DIRCE RE   0,741
    2010      35  351390 3513900DIVINOLÂ   0,734
    2010      35  351400 3514007DOBRADA    0,718
    2010      35  351410 3514106DOIS CÓR   0,725
    2010      35  351420 3514205DOLCINÓP   0,742
    2010      35  351430 3514304DOURADO    0,738
    2010      35  351440 3514403DRACENA    0,776
    2010      35  351450 3514502DUARTINA   0,748
    2010      35  351460 3514601DUMONT     0,744
    2010      35  351470 3514700ECHAPORÃ   0,745
    2010      35  351480 3514809ELDORADO   0,691
    2010      35  351490 3514908ELIAS FA   0,695
    2010      35  351492 3514924ELISIÁRI   0,747
    2010      35  351495 3514957EMBAÚBA     0,73
    2010      35  351500 3515004EMBU       0,735
    2010      35  351510 3515103EMBU-GUA   0,749
    2010      35  351512 3515129EMILIANÓ   0,727
    2010      35  351515 3515152ENGENHEI   0,732
    2010      35  351518 3515186ESPÍRITO   0,787
    2010      35  351519 3515194ESPÍRITO   0,696
    2010      35  351520 3515202ESTRELA     0,76
    2010      35  351530 3515301ESTRELA     0,74
    2010      35  351535 3515350EUCLIDES   0,704
    2010      35  351540 3515400FARTURA    0,732
    2010      35  351550 3515509FERNANDÓ   0,797
    2010      35  351560 3515608FERNANDO   0,758
    2010      35  351565 3515657FERNÃO     0,703
    2010      35  351570 3515707FERRAZ D   0,738
    2010      35  351580 3515806FLORA RI   0,727
    2010      35  351590 3515905FLOREAL    0,747
    2010      35  351600 3516002FLÓRIDA    0,715
    2010      35  351610 3516101FLORÍNIA   0,713
    2010      35  351620 3516200FRANCA      0,78
    2010      35  351630 3516309FRANCISC   0,703
    2010      35  351640 3516408FRANCO D   0,731
    2010      35  351650 3516507GABRIEL    0,763
    2010      35  351660 3516606GÁLIA      0,709
    2010      35  351670 3516705GARÇA      0,769
    2010      35  351680 3516804GASTÃO V   0,723
    2010      35  351685 3516853GAVIÃO P   0,719
    2010      35  351690 3516903GENERAL    0,747
    2010      35  351700 3517000GETULINA   0,717
    2010      35  351710 3517109GLICÉRIO   0,735
    2010      35  351720 3517208GUAIÇARA   0,739
    2010      35  351730 3517307GUAIMBÊ    0,728
    2010      35  351740 3517406GUAÍRA     0,753
    2010      35  351750 3517505GUAPIAÇU   0,725
    2010      35  351760 3517604GUAPIARA   0,675
    2010      35  351770 3517703GUARÁ      0,718
    2010      35  351780 3517802GUARAÇAÍ   0,719
    2010      35  351790 3517901GUARACI    0,737
    2010      35  351800 3518008GUARANI    0,732
    2010      35  351810 3518107GUARANTÃ   0,713
    2010      35  351820 3518206GUARARAP   0,763
    2010      35  351830 3518305GUARAREM   0,731
    2010      35  351840 3518404GUARATIN   0,798
    2010      35  351850 3518503GUAREÍ     0,687
    2010      35  351860 3518602GUARIBA    0,719
    2010      35  351870 3518701GUARUJÁ    0,751
    2010      35  351880 3518800GUARULHO   0,763
    2010      35  351885 3518859GUATAPAR   0,743
    2010      35  351890 3518909GUZOLÂND   0,697
    2010      35  351900 3519006HERCULÂN   0,727
    2010      35  351905 3519055HOLAMBRA   0,793
    2010      35  351907 3519071HORTOLÂN   0,756
    2010      35  351910 3519105IACANGA    0,745
    2010      35  351920 3519204IACRI      0,733
    2010      35  351925 3519253IARAS      0,674
    2010      35  351930 3519303IBATÉ      0,703
    2010      35  351940 3519402IBIRÁ       0,74
    2010      35  351950 3519501IBIRAREM   0,708
    2010      35  351960 3519600IBITINGA   0,747
    2010      35  351970 3519709IBIÚNA      0,71
    2010      35  351980 3519808ICÉM        0,72
    2010      35  351990 3519907IEPÊ       0,736
    2010      35  352000 3520004IGARAÇU    0,727
    2010      35  352010 3520103IGARAPAV   0,768
    2010      35  352020 3520202IGARATÁ    0,711
    2010      35  352030 3520301IGUAPE     0,726
    2010      35  352040 3520400ILHABELA   0,756
    2010      35  352042 3520426ILHA COM   0,725
    2010      35  352044 3520442ILHA SOL   0,812
    2010      35  352050 3520509INDAIATU   0,788
    2010      35  352060 3520608INDIANA    0,761
    2010      35  352070 3520707INDIAPOR   0,751
    2010      35  352080 3520806INÚBIA P   0,759
    2010      35  352090 3520905IPAUSSU    0,727
    2010      35  352100 3521002IPERÓ      0,719
    2010      35  352110 3521101IPEÚNA     0,753
    2010      35  352115 3521150IPIGUÁ      0,73
    2010      35  352120 3521200IPORANGA   0,703
    2010      35  352130 3521309IPUÃ       0,749
    2010      35  352140 3521408IRACEMÁP   0,776
    2010      35  352150 3521507IRAPUÃ     0,713
    2010      35  352160 3521606IRAPURU    0,712
    2010      35  352170 3521705ITABERÁ    0,693
    2010      35  352180 3521804ITAÍ       0,713
    2010      35  352190 3521903ITAJOBI     0,73
    2010      35  352200 3522000ITAJU      0,705
    2010      35  352210 3522109ITANHAÉM   0,745
    2010      35  352215 3522158ITAÓCA      0,68
    2010      35  352220 3522208ITAPECER   0,742
    2010      35  352230 3522307ITAPETIN   0,763
    2010      35  352240 3522406ITAPEVA    0,732
    2010      35  352250 3522505ITAPEVI    0,735
    2010      35  352260 3522604ITAPIRA    0,762
    2010      35  352265 3522653ITAPIRAP   0,661
    2010      35  352270 3522703ITÁPOLIS   0,744
    2010      35  352280 3522802ITAPORAN   0,719
    2010      35  352290 3522901ITAPUÍ     0,725
    2010      35  352300 3523008ITAPURA     0,72
    2010      35  352310 3523107ITAQUAQU   0,714
    2010      35  352320 3523206ITARARÉ    0,703
    2010      35  352330 3523305ITARIRI    0,677
    2010      35  352340 3523404ITATIBA    0,778
    2010      35  352350 3523503ITATINGA   0,706
    2010      35  352360 3523602ITIRAPIN   0,724
    2010      35  352370 3523701ITIRAPUÃ   0,707
    2010      35  352380 3523800ITOBI      0,717
    2010      35  352390 3523909ITU        0,773
    2010      35  352400 3524006ITUPEVA    0,762
    2010      35  352410 3524105ITUVERAV   0,765
    2010      35  352420 3524204JABORAND   0,711
    2010      35  352430 3524303JABOTICA   0,778
    2010      35  352440 3524402JACAREÍ    0,777
    2010      35  352450 3524501JACI       0,723
    2010      35  352460 3524600JACUPIRA   0,717
    2010      35  352470 3524709JAGUARIÚ   0,784
    2010      35  352480 3524808JALES      0,776
    2010      35  352490 3524907JAMBEIRO   0,756
    2010      35  352500 3525003JANDIRA     0,76
    2010      35  352510 3525102JARDINÓP   0,735
    2010      35  352520 3525201JARINU     0,733
    2010      35  352530 3525300JAÚ        0,778
    2010      35  352540 3525409JERIQUAR   0,703
    2010      35  352550 3525508JOANÓPOL   0,699
    2010      35  352560 3525607JOÃO RAM   0,741
    2010      35  352570 3525706JOSÉ BON   0,777
    2010      35  352580 3525805JÚLIO ME   0,716
    2010      35  352585 3525854JUMIRIM    0,741
    2010      35  352590 3525904JUNDIAÍ    0,822
    2010      35  352600 3526001JUNQUEIR   0,745
    2010      35  352610 3526100JUQUIÁ       0,7
    2010      35  352620 3526209JUQUITIB   0,709
    2010      35  352630 3526308LAGOINHA   0,693
    2010      35  352640 3526407LARANJAL   0,729
    2010      35  352650 3526506LAVÍNIA    0,721
    2010      35  352660 3526605LAVRINHA   0,729
    2010      35  352670 3526704LEME       0,744
    2010      35  352680 3526803LENÇÓIS    0,764
    2010      35  352690 3526902LIMEIRA    0,775
    2010      35  352700 3527009LINDÓIA    0,742
    2010      35  352710 3527108LINS       0,786
    2010      35  352720 3527207LORENA     0,766
    2010      35  352725 3527256LOURDES    0,742
    2010      35  352730 3527306LOUVEIRA   0,777
    2010      35  352740 3527405LUCÉLIA    0,752
    2010      35  352750 3527504LUCIANÓP   0,733
    2010      35  352760 3527603LUÍS ANT   0,731
    2010      35  352770 3527702LUIZIÂNI   0,702
    2010      35  352780 3527801LUPÉRCIO   0,724
    2010      35  352790 3527900LUTÉCIA     0,72
    2010      35  352800 3528007MACATUBA    0,77
    2010      35  352810 3528106MACAUBAL   0,743
    2010      35  352820 3528205MACEDÔNI    0,74
    2010      35  352830 3528304MAGDA      0,753
    2010      35  352840 3528403MAIRINQU   0,743
    2010      35  352850 3528502MAIRIPOR   0,788
    2010      35  352860 3528601MANDURI    0,739
    2010      35  352870 3528700MARABÁ P   0,677
    2010      35  352880 3528809MARACAÍ    0,771
    2010      35  352885 3528858MARAPOAM   0,752
    2010      35  352890 3528908MARIÁPOL   0,718
    2010      35  352900 3529005MARÍLIA    0,798
    2010      35  352910 3529104MARINÓPO   0,731
    2010      35  352920 3529203MARTINÓP   0,721
    2010      35  352930 3529302MATÃO      0,773
    2010      35  352940 3529401MAUÁ       0,766
    2010      35  352950 3529500MENDONÇA   0,744
    2010      35  352960 3529609MERIDIAN   0,731
    2010      35  352965 3529658MESÓPOLI   0,724
    2010      35  352970 3529708MIGUELÓP   0,741
    2010      35  352980 3529807MINEIROS    0,73
    2010      35  352990 3529906MIRACATU   0,697
    2010      35  353000 3530003MIRA EST   0,743
    2010      35  353010 3530102MIRANDÓP   0,751
    2010      35  353020 3530201MIRANTE    0,724
    2010      35  353030 3530300MIRASSOL   0,762
    2010      35  353040 3530409MIRASSOL   0,738
    2010      35  353050 3530508MOCOCA     0,762
    2010      35  353060 3530607MOGI DAS   0,783
    2010      35  353070 3530706MOGI GUA   0,774
    2010      35  353080 3530805MOJI MIR   0,784
    2010      35  353090 3530904MOMBUCA    0,719
    2010      35  353100 3531001MONÇÕES    0,772
    2010      35  353110 3531100MONGAGUÁ   0,754
    2010      35  353120 3531209MONTE AL   0,759
    2010      35  353130 3531308MONTE AL   0,768
    2010      35  353140 3531407MONTE AP   0,785
    2010      35  353150 3531506MONTE AZ   0,753
    2010      35  353160 3531605MONTE CA   0,741
    2010      35  353170 3531704MONTEIRO    0,71
    2010      35  353180 3531803MONTE MO   0,733
    2010      35  353190 3531902MORRO AG   0,712
    2010      35  353200 3532009MORUNGAB   0,715
    2010      35  353205 3532058MOTUCA     0,741
    2010      35  353210 3532108MURUTING   0,726
    2010      35  353215 3532157NANTES     0,714
    2010      35  353220 3532207NARANDIB   0,718
    2010      35  353230 3532306NATIVIDA   0,655
    2010      35  353240 3532405NAZARÉ P   0,678
    2010      35  353250 3532504NEVES PA   0,754
    2010      35  353260 3532603NHANDEAR   0,751
    2010      35  353270 3532702NIPOÃ      0,713
    2010      35  353280 3532801NOVA ALI   0,738
    2010      35  353282 3532827NOVA CAM   0,651
    2010      35  353284 3532843NOVA CAN   0,715
    2010      35  353286 3532868NOVA CAS   0,756
    2010      35  353290 3532900NOVA EUR   0,765
    2010      35  353300 3533007NOVA GRA   0,739
    2010      35  353310 3533106NOVA GUA   0,726
    2010      35  353320 3533205NOVA IND   0,735
    2010      35  353325 3533254NOVAIS     0,719
    2010      35  353330 3533304NOVA LUZ   0,743
    2010      35  353340 3533403NOVA ODE   0,791
    2010      35  353350 3533502NOVO HOR   0,753
    2010      35  353360 3533601NUPORANG   0,746
    2010      35  353370 3533700OCAUÇU     0,717
    2010      35  353380 3533809ÓLEO        0,73
    2010      35  353390 3533908OLÍMPIA    0,773
    2010      35  353400 3534005ONDA VER   0,738
    2010      35  353410 3534104ORIENTE     0,77
    2010      35  353420 3534203ORINDIÚV   0,767
    2010      35  353430 3534302ORLÂNDIA    0,78
    2010      35  353440 3534401OSASCO     0,776
    2010      35  353450 3534500OSCAR BR   0,749
    2010      35  353460 3534609OSVALDO    0,762
    2010      35  353470 3534708OURINHOS   0,778
    2010      35  353475 3534757OUROESTE    0,77
    2010      35  353480 3534807OURO VER   0,692
    2010      35  353490 3534906PACAEMBU   0,725
    2010      35  353500 3535002PALESTIN   0,732
    2010      35  353510 3535101PALMARES   0,722
    2010      35  353520 3535200PALMEIRA   0,753
    2010      35  353530 3535309PALMITAL   0,746
    2010      35  353540 3535408PANORAMA   0,722
    2010      35  353550 3535507PARAGUAÇ   0,762
    2010      35  353560 3535606PARAIBUN   0,719
    2010      35  353570 3535705PARAÍSO    0,749
    2010      35  353580 3535804PARANAPA   0,717
    2010      35  353590 3535903PARANAPU   0,732
    2010      35  353600 3536000PARAPUÃ    0,737
    2010      35  353610 3536109PARDINHO   0,727
    2010      35  353620 3536208PARIQUER   0,736
    2010      35  353625 3536257PARISI     0,721
    2010      35  353630 3536307PATROCÍN    0,73
    2010      35  353640 3536406PAULICÉI   0,711
    2010      35  353650 3536505PAULÍNIA   0,795
    2010      35  353657 3536570PAULISTÂ   0,718
    2010      35  353660 3536604PAULO DE   0,725
    2010      35  353670 3536703PEDERNEI   0,739
    2010      35  353680 3536802PEDRA BE   0,677
    2010      35  353690 3536901PEDRANÓP   0,742
    2010      35  353700 3537008PEDREGUL   0,715
    2010      35  353710 3537107PEDREIRA   0,769
    2010      35  353715 3537156PEDRINHA   0,774
    2010      35  353720 3537206PEDRO DE   0,696
    2010      35  353730 3537305PENÁPOLI   0,759
    2010      35  353740 3537404PEREIRA    0,766
    2010      35  353750 3537503PEREIRAS   0,736
    2010      35  353760 3537602PERUÍBE    0,749
    2010      35  353770 3537701PIACATU    0,732
    2010      35  353780 3537800PIEDADE    0,716
    2010      35  353790 3537909PILAR DO    0,69
    2010      35  353800 3538006PINDAMON   0,773
    2010      35  353810 3538105PINDORAM   0,737
    2010      35  353820 3538204PINHALZI   0,725
    2010      35  353830 3538303PIQUEROB   0,711
    2010      35  353850 3538501PIQUETE    0,757
    2010      35  353860 3538600PIRACAIA   0,739
    2010      35  353870 3538709PIRACICA   0,785
    2010      35  353880 3538808PIRAJU     0,758
    2010      35  353890 3538907PIRAJUÍ    0,749
    2010      35  353900 3539004PIRANGI    0,756
    2010      35  353910 3539103PIRAPORA   0,727
    2010      35  353920 3539202PIRAPOZI   0,776
    2010      35  353930 3539301PIRASSUN   0,801
    2010      35  353940 3539400PIRATINI   0,779
    2010      35  353950 3539509PITANGUE   0,723
    2010      35  353960 3539608PLANALTO   0,719
    2010      35  353970 3539707PLATINA    0,719
    2010      35  353980 3539806POÁ        0,771
    2010      35  353990 3539905POLONI     0,766
    2010      35  354000 3540002POMPÉIA    0,786
    2010      35  354010 3540101PONGAÍ     0,755
    2010      35  354020 3540200PONTAL     0,725
    2010      35  354025 3540259PONTALIN   0,702
    2010      35  354030 3540309PONTES G   0,732
    2010      35  354040 3540408POPULINA   0,714
    2010      35  354050 3540507PORANGAB   0,703
    2010      35  354060 3540606PORTO FE   0,758
    2010      35  354070 3540705PORTO FE   0,751
    2010      35  354075 3540754POTIM      0,697
    2010      35  354080 3540804POTIREND   0,747
    2010      35  354085 3540853PRACINHA   0,696
    2010      35  354090 3540903PRADÓPOL   0,733
    2010      35  354100 3541000PRAIA GR   0,754
    2010      35  354105 3541059PRATÂNIA   0,701
    2010      35  354110 3541109PRESIDEN   0,735
    2010      35  354120 3541208PRESIDEN   0,757
    2010      35  354130 3541307PRESIDEN    0,75
    2010      35  354140 3541406PRESIDEN   0,806
    2010      35  354150 3541505PRESIDEN   0,763
    2010      35  354160 3541604PROMISSÃ   0,743
    2010      35  354165 3541653QUADRA     0,678
    2010      35  354170 3541703QUATÁ      0,738
    2010      35  354180 3541802QUEIROZ    0,715
    2010      35  354190 3541901QUELUZ     0,722
    2010      35  354200 3542008QUINTANA   0,732
    2010      35  354210 3542107RAFARD     0,745
    2010      35  354220 3542206RANCHARI   0,751
    2010      35  354230 3542305REDENÇÃO   0,657
    2010      35  354240 3542404REGENTE    0,768
    2010      35  354250 3542503REGINÓPO   0,728
    2010      35  354260 3542602REGISTRO   0,754
    2010      35  354270 3542701RESTINGA   0,705
    2010      35  354280 3542800RIBEIRA    0,698
    2010      35  354290 3542909RIBEIRÃO   0,712
    2010      35  354300 3543006RIBEIRÃO   0,639
    2010      35  354310 3543105RIBEIRÃO   0,711
    2010      35  354320 3543204RIBEIRÃO   0,747
    2010      35  354323 3543238RIBEIRÃO   0,721
    2010      35  354325 3543253RIBEIRÃO   0,705
    2010      35  354330 3543303RIBEIRÃO   0,784
    2010      35  354340 3543402RIBEIRÃO     0,8
    2010      35  354350 3543501RIVERSUL   0,664
    2010      35  354360 3543600RIFAINA     0,74
    2010      35  354370 3543709RINCÃO     0,734
    2010      35  354380 3543808RINÓPOLI   0,723
    2010      35  354390 3543907RIO CLAR   0,803
    2010      35  354400 3544004RIO DAS    0,759
    2010      35  354410 3544103RIO GRAN   0,749
    2010      35  354420 3544202RIOLÂNDI   0,703
    2010      35  354425 3544251ROSANA     0,764
    2010      35  354430 3544301ROSEIRA    0,737
    2010      35  354440 3544400RUBIÁCEA   0,721
    2010      35  354450 3544509RUBINÉIA   0,759
    2010      35  354460 3544608SABINO     0,728
    2010      35  354470 3544707SAGRES      0,73
    2010      35  354480 3544806SALES      0,751
    2010      35  354490 3544905SALES OL   0,772
    2010      35  354500 3545001SALESÓPO   0,732
    2010      35  354510 3545100SALMOURÃ   0,719
    2010      35  354515 3545159SALTINHO   0,791
    2010      35  354520 3545209SALTO       0,78
    2010      35  354530 3545308SALTO DE   0,729
    2010      35  354540 3545407SALTO GR   0,704
    2010      35  354550 3545506SANDOVAL   0,709
    2010      35  354560 3545605SANTA AD    0,76
    2010      35  354570 3545704SANTA AL   0,728
    2010      35  354580 3545803SANTA BÁ   0,781
    2010      35  354600 3546009SANTA BR   0,735
    2010      35  354610 3546108SANTA CL   0,733
    2010      35  354620 3546207SANTA CR    0,79
    2010      35  354625 3546256SANTA CR   0,743
    2010      35  354630 3546306SANTA CR   0,728
    2010      35  354640 3546405SANTA CR   0,762
    2010      35  354650 3546504SANTA ER   0,738
    2010      35  354660 3546603SANTA FÉ   0,784
    2010      35  354670 3546702SANTA GE   0,737
    2010      35  354680 3546801SANTA IS   0,738
    2010      35  354690 3546900SANTA LÚ   0,737
    2010      35  354700 3547007SANTA MA   0,686
    2010      35  354710 3547106SANTA ME   0,739
    2010      35  354720 3547205SANTANA    0,773
    2010      35  354730 3547304SANTANA    0,814
    2010      35  354740 3547403SANTA RI   0,761
    2010      35  354750 3547502SANTA RI   0,775
    2010      35  354760 3547601SANTA RO    0,77
    2010      35  354765 3547650SANTA SA   0,772
    2010      35  354770 3547700SANTO AN   0,753
    2010      35  354780 3547809SANTO AN   0,815
    2010      35  354790 3547908SANTO AN   0,702
    2010      35  354800 3548005SANTO AN   0,702
    2010      35  354805 3548054SANTO AN   0,757
    2010      35  354810 3548104SANTO AN   0,714
    2010      35  354820 3548203SANTO AN   0,706
    2010      35  354830 3548302SANTO EX   0,732
    2010      35  354840 3548401SANTÓPOL    0,74
    2010      35  354850 3548500SANTOS      0,84
    2010      35  354860 3548609SÃO BENT    0,72
    2010      35  354870 3548708SÃO BERN   0,805
    2010      35  354880 3548807SÃO CAET   0,862
    2010      35  354890 3548906SÃO CARL   0,805
    2010      35  354900 3549003SÃO FRAN   0,723
    2010      35  354910 3549102SÃO JOÃO   0,797
    2010      35  354920 3549201SÃO JOÃO    0,72
    2010      35  354925 3549250SÃO JOÃO   0,748
    2010      35  354930 3549300SÃO JOÃO    0,75
    2010      35  354940 3549409SÃO JOAQ   0,762
    2010      35  354950 3549508SÃO JOSÉ   0,693
    2010      35  354960 3549607SÃO JOSÉ   0,684
    2010      35  354970 3549706SÃO JOSÉ   0,774
    2010      35  354980 3549805SÃO JOSÉ   0,797
    2010      35  354990 3549904SÃO JOSÉ   0,807
    2010      35  354995 3549953SÃO LOUR   0,728
    2010      35  355000 3550001SÃO LUÍS   0,697
    2010      35  355010 3550100SÃO MANU   0,744
    2010      35  355020 3550209SÃO MIGU    0,71
    2010      35  355030 3550308SÃO PAUL   0,805
    2010      35  355040 3550407SÃO PEDR   0,755
    2010      35  355050 3550506SÃO PEDR   0,703
    2010      35  355060 3550605SÃO ROQU   0,768
    2010      35  355070 3550704SÃO SEBA   0,772
    2010      35  355080 3550803SÃO SEBA   0,701
    2010      35  355090 3550902SÃO SIMÃ   0,766
    2010      35  355100 3551009SÃO VICE   0,768
    2010      35  355110 3551108SARAPUÍ    0,707
    2010      35  355120 3551207SARUTAIÁ   0,688
    2010      35  355130 3551306SEBASTIA   0,773
    2010      35  355140 3551405SERRA AZ   0,686
    2010      35  355150 3551504SERRANA    0,729
    2010      35  355160 3551603SERRA NE   0,767
    2010      35  355170 3551702SERTÃOZI   0,761
    2010      35  355180 3551801SETE BAR   0,673
    2010      35  355190 3551900SEVERÍNI   0,715
    2010      35  355200 3552007SILVEIRA   0,678
    2010      35  355210 3552106SOCORRO    0,729
    2010      35  355220 3552205SOROCABA   0,798
    2010      35  355230 3552304SUD MENN   0,747
    2010      35  355240 3552403SUMARÉ     0,762
    2010      35  355250 3552502SUZANO     0,765
    2010      35  355255 3552551SUZANÁPO   0,699
    2010      35  355260 3552601TABAPUÃ    0,735
    2010      35  355270 3552700TABATING   0,704
    2010      35  355280 3552809TABOÃO D   0,769
    2010      35  355290 3552908TACIBA     0,723
    2010      35  355300 3553005TAGUAÍ     0,709
    2010      35  355310 3553104TAIAÇU      0,71
    2010      35  355320 3553203TAIÚVA      0,76
    2010      35  355330 3553302TAMBAÚ     0,731
    2010      35  355340 3553401TANABI     0,748
    2010      35  355350 3553500TAPIRAÍ    0,681
    2010      35  355360 3553609TAPIRATI   0,751
    2010      35  355365 3553658TAQUARAL   0,759
    2010      35  355370 3553708TAQUARIT   0,748
    2010      35  355380 3553807TAQUARIT   0,701
    2010      35  355385 3553856TAQUARIV   0,679
    2010      35  355390 3553906TARABAI    0,726
    2010      35  355395 3553955TARUMÃ     0,753
    2010      35  355400 3554003TATUÍ      0,752
    2010      35  355410 3554102TAUBATÉ      0,8
    2010      35  355420 3554201TEJUPÁ     0,668
    2010      35  355430 3554300TEODORO    0,741
    2010      35  355440 3554409TERRA RO   0,749
    2010      35  355450 3554508TIETÊ      0,778
    2010      35  355460 3554607TIMBURI     0,71
    2010      35  355465 3554656TORRE DE   0,714
    2010      35  355470 3554706TORRINHA   0,744
    2010      35  355475 3554755TRABIJU    0,722
    2010      35  355480 3554805TREMEMBÉ   0,785
    2010      35  355490 3554904TRÊS FRO   0,753
    2010      35  355495 3554953TUIUTI     0,728
    2010      35  355500 3555000TUPÃ       0,771
    2010      35  355510 3555109TUPI PAU   0,769
    2010      35  355520 3555208TURIÚBA    0,751
    2010      35  355530 3555307TURMALIN   0,736
    2010      35  355535 3555356UBARANA      0,7
    2010      35  355540 3555406UBATUBA    0,751
    2010      35  355550 3555505UBIRAJAR   0,727
    2010      35  355560 3555604UCHOA      0,721
    2010      35  355570 3555703UNIÃO PA   0,749
    2010      35  355580 3555802URÂNIA     0,746
    2010      35  355590 3555901URU        0,712
    2010      35  355600 3556008URUPÊS     0,745
    2010      35  355610 3556107VALENTIM   0,735
    2010      35  355620 3556206VALINHOS   0,819
    2010      35  355630 3556305VALPARAÍ   0,725
    2010      35  355635 3556354VARGEM     0,699
    2010      35  355640 3556404VARGEM G   0,737
    2010      35  355645 3556453VARGEM G    0,77
    2010      35  355650 3556503VÁRZEA P   0,759
    2010      35  355660 3556602VERA CRU   0,754
    2010      35  355670 3556701VINHEDO    0,817
    2010      35  355680 3556800VIRADOUR   0,739
    2010      35  355690 3556909VISTA AL   0,744
    2010      35  355695 3556958VITÓRIA    0,725
    2010      35  355700 3557006VOTORANT   0,767
    2010      35  355710 3557105VOTUPORA    0,79
    2010      35  355715 3557154ZACARIAS   0,729
    2010      35  355720 3557204CHAVANTE   0,729
    2010      35  355730 3557303ESTIVA G    0,74
